1	3	2	3	4	2	3	3.6666666666666665	4.0	4.0	4.0	2	2	2	1	3	4	2	4	3	3	3.0	4.0	2.6666666666666665	3.5
1	2	4	4	3	2	2	4.0	4.333333333333333	4.666666666666667	4.333333333333333	2	2	3	3	2	4	3	3	3	3	2.6666666666666665	3.0	3.3333333333333335	3.0
1	3	3	3	3	3	3	4.666666666666667	4.666666666666667	5.0	4.333333333333333	1	1	2	1	2	2	3	3	3	3	3.0	3.0	4.0	3.5
1	4	4	3	3	4	4	4.0	4.0	4.333333333333333	4.0	2	3	2	2	2	2	3	3	2	2	2.6666666666666665	3.0	3.0	2.5
1	4	3	4	3	3	2	4.333333333333333	4.333333333333333	3.6666666666666665	4.0	1	1	2	1	2	1	2	3	2	2	3.3333333333333335	3.0	2.3333333333333335	3.5
1	4	3	3	3	4	4	5.0	5.0	4.666666666666667	4.666666666666667	2	3	3	3	4	3	2	3	2	2	2.6666666666666665	3.5	3.3333333333333335	3.0
2	5	5	4	3	4	3	3.6666666666666665	3.3333333333333335	2.6666666666666665	4.0	3	3	3	3	4	3	3	2	3	3	3.3333333333333335	3.5	3.3333333333333335	4.0
2	3	3	3	3	3	3	3.6666666666666665	3.0	3.3333333333333335	3.6666666666666665	5	4	4	4	3	3	3	2	2	3	3.6666666666666665	5.0	3.3333333333333335	4.5
2	4	4	4	3	3	4	4.0	3.3333333333333335	3.6666666666666665	3.3333333333333335	3	4	3	3	3	3	3	2	3	2	3.0	3.0	2.6666666666666665	4.0
2	5	5	3	4	4	5	2.6666666666666665	3.0	3.0	3.3333333333333335	4	4	4	4	3	3	1	3	3	3	3.3333333333333335	5.0	3.0	4.5
2	4	4	4	5	4	4	4.333333333333333	4.666666666666667	4.333333333333333	4.333333333333333	3	4	2	3	4	4	4	3	4	4	3.0	4.5	3.3333333333333335	3.5
2	5	4	5	4	4	3	4.333333333333333	4.0	3.6666666666666665	3.6666666666666665	5	2	4	3	4	3	2	3	3	3	3.6666666666666665	3.5	3.6666666666666665	3.0
3	3	3	2	2	3	2	4.0	4.666666666666667	4.333333333333333	4.333333333333333	4	3	3	3	4	1	2	1	1	1	3.0	4.5	3.6666666666666665	4.0
3	4	3	3	3	2	3	4.0	3.6666666666666665	3.6666666666666665	4.0	3	5	4	4	4	3	2	3	2	3	3.0	4.0	3.6666666666666665	3.5
3	2	2	2	2	1	2	2.6666666666666665	2.6666666666666665	3.0	3.0	3	3	3	3	3	2	1	1	1	1	3.3333333333333335	3.5	3.3333333333333335	3.0
3	2	3	3	4	3	3	3.3333333333333335	3.6666666666666665	3.3333333333333335	3.3333333333333335	4	4	3	4	4	3	3	2	2	1	3.3333333333333335	3.5	3.3333333333333335	3.5
3	2	4	3	4	4	4	3.0	2.3333333333333335	2.6666666666666665	2.0	5	4	4	3	4	2	1	2	1	1	3.0	3.5	3.0	3.5
4	3	2	4	3	3	2	3.0	3.3333333333333335	3.0	3.6666666666666665	4	3	3	3	3	4	3	4	2	4	2.6666666666666665	3.5	3.0	4.0
4	3	4	5	4	4	4	3.0	3.6666666666666665	4.0	3.3333333333333335	4	4	5	4	4	2	2	2	2	2	3.3333333333333335	3.5	3.6666666666666665	4.0
4	3	3	3	4	3	3	2.0	2.3333333333333335	2.6666666666666665	2.3333333333333335	3	2	3	3	3	2	2	2	3	2	4.0	3.0	3.3333333333333335	3.5
4	3	4	3	4	3	4	3.0	3.6666666666666665	3.3333333333333335	3.0	2	2	3	2	2	3	3	3	3	3	2.3333333333333335	3.0	3.0	2.5
4	5	4	4	4	5	4	3.6666666666666665	3.3333333333333335	3.3333333333333335	3.0	1	2	1	2	1	3	3	3	3	2	3.0	3.5	3.0	4.0
5	3	4	4	4	4	4	4.0	3.6666666666666665	4.666666666666667	4.0	3	3	3	4	3	1	1	1	1	1	2.6666666666666665	2.5	3.3333333333333335	3.0
5	4	4	4	4	4	4	3.6666666666666665	3.6666666666666665	4.333333333333333	4.333333333333333	3	3	4	3	4	2	2	2	2	2	2.6666666666666665	2.5	2.6666666666666665	3.5
5	3	4	5	5	4	4	3.6666666666666665	4.333333333333333	3.6666666666666665	3.3333333333333335	4	2	3	3	2	2	3	2	3	3	2.3333333333333335	4.5	3.0	3.5
5	3	3	4	3	3	3	4.0	3.0	3.3333333333333335	3.3333333333333335	3	4	3	4	2	2	3	2	1	2	3.0	4.0	3.6666666666666665	3.0
5	3	4	3	4	3	4	4.333333333333333	5.0	4.666666666666667	4.0	5	4	4	4	4	2	2	1	2	2	3.3333333333333335	4.5	3.6666666666666665	5.0
5	3	2	3	3	4	3	4.333333333333333	4.0	4.0	3.6666666666666665	3	3	3	2	4	2	2	1	2	1	3.0	4.0	3.3333333333333335	4.0
6	3	5	3	4	4	4	3.0	4.0	4.0	4.0	3	4	3	4	4	2	1	2	2	2	2.6666666666666665	3.5	3.6666666666666665	4.0
6	3	3	4	3	2	3	3.6666666666666665	4.0	4.333333333333333	3.6666666666666665	3	4	3	3	4	2	2	1	2	2	3.0	3.0	3.3333333333333335	4.0
6	4	4	4	4	3	4	3.3333333333333335	3.3333333333333335	3.3333333333333335	3.3333333333333335	3	4	3	3	2	3	4	3	3	2	3.3333333333333335	3.0	3.0	3.0
6	5	5	4	3	4	3	4.0	4.333333333333333	4.333333333333333	4.333333333333333	3	3	2	3	3	3	3	3	3	2	3.3333333333333335	3.0	3.0	3.0
6	3	4	3	3	3	2	3.6666666666666665	3.3333333333333335	2.6666666666666665	3.6666666666666665	3	4	3	3	3	2	2	3	2	3	2.6666666666666665	2.5	3.0	2.5
6	4	3	3	3	3	3	4.666666666666667	4.333333333333333	3.6666666666666665	3.3333333333333335	4	4	2	3	3	2	3	2	3	1	3.0	3.0	3.3333333333333335	3.5
7	5	5	5	5	5	5	4.0	4.333333333333333	4.333333333333333	4.333333333333333	2	1	2	1	1	2	2	2	2	2	4.0	4.0	3.3333333333333335	4.5
7	3	4	3	4	4	3	3.3333333333333335	3.0	3.6666666666666665	3.3333333333333335	4	4	3	3	3	3	3	3	3	2	3.3333333333333335	4.0	2.3333333333333335	3.5
7	4	4	5	5	4	5	4.0	4.0	4.0	3.6666666666666665	4	3	4	2	3	3	2	3	3	2	3.3333333333333335	4.0	3.3333333333333335	4.0
7	4	3	5	3	4	4	3.3333333333333335	2.6666666666666665	3.3333333333333335	3.3333333333333335	4	3	2	2	3	2	1	2	2	2	3.3333333333333335	4.0	3.3333333333333335	4.0
7	4	4	4	2	3	4	3.6666666666666665	4.333333333333333	3.6666666666666665	4.0	2	4	2	3	2	3	2	1	2	4	3.3333333333333335	4.0	3.0	3.5
8	1	2	1	2	1	2	3.6666666666666665	3.0	3.6666666666666665	3.0	4	4	4	2	4	4	3	4	3	2	3.3333333333333335	4.5	3.3333333333333335	4.0
8	4	3	4	4	3	3	4.0	3.6666666666666665	3.6666666666666665	3.6666666666666665	3	3	3	4	3	2	2	2	2	2	4.0	4.0	3.3333333333333335	4.5
8	4	3	4	3	4	4	3.0	3.3333333333333335	3.3333333333333335	3.6666666666666665	3	1	3	3	2	2	2	2	2	2	3.0	4.5	3.3333333333333335	5.0
8	4	5	3	2	3	3	3.3333333333333335	3.0	4.333333333333333	3.6666666666666665	3	4	2	3	3	2	1	3	2	3	3.3333333333333335	4.0	3.6666666666666665	3.5
8	4	4	4	4	4	3	5.0	5.0	5.0	5.0	3	3	3	3	3	1	1	1	1	2	3.6666666666666665	4.0	3.6666666666666665	4.5
8	4	4	3	3	4	4	3.3333333333333335	3.6666666666666665	3.3333333333333335	3.6666666666666665	3	4	3	3	3	3	3	3	4	3	3.6666666666666665	5.0	3.6666666666666665	5.0
9	3	4	2	4	3	3	3.6666666666666665	3.3333333333333335	2.6666666666666665	3.6666666666666665	3	2	3	3	1	2	2	1	2	2	3.0	3.5	3.6666666666666665	4.0
9	4	3	3	4	3	5	2.6666666666666665	2.0	3.0	3.0	3	3	4	4	4	2	2	2	2	3	3.0	4.0	2.6666666666666665	3.5
9	3	1	2	3	3	2	4.0	4.0	3.3333333333333335	3.6666666666666665	1	1	2	1	1	2	1	1	2	1	4.0	3.5	3.3333333333333335	3.5
9	3	3	2	3	3	2	4.666666666666667	4.666666666666667	4.666666666666667	4.333333333333333	2	3	3	3	3	4	3	3	3	3	2.6666666666666665	4.0	3.3333333333333335	4.0
9	2	2	2	2	1	3	2.3333333333333335	2.3333333333333335	2.6666666666666665	2.6666666666666665	4	3	3	3	5	1	2	3	2	2	3.3333333333333335	3.0	3.6666666666666665	3.5
9	4	5	3	4	3	3	3.3333333333333335	3.6666666666666665	3.0	3.0	3	3	3	3	3	2	3	2	3	2	3.3333333333333335	4.0	3.6666666666666665	3.0
10	3	3	4	2	3	3	3.0	3.6666666666666665	3.0	3.6666666666666665	2	2	2	3	3	2	1	2	2	3	3.6666666666666665	3.5	3.3333333333333335	3.5
10	4	4	3	3	3	3	3.6666666666666665	3.6666666666666665	4.333333333333333	4.0	2	4	2	3	3	2	2	2	2	3	3.6666666666666665	4.5	3.3333333333333335	4.5
10	3	3	3	4	4	4	2.3333333333333335	2.6666666666666665	2.3333333333333335	3.3333333333333335	2	2	2	2	3	1	3	2	2	2	3.3333333333333335	3.5	3.3333333333333335	3.0
10	3	4	3	3	2	3	3.3333333333333335	3.3333333333333335	3.3333333333333335	3.3333333333333335	4	3	3	4	4	2	2	2	2	3	3.0	4.0	3.3333333333333335	3.0
10	3	2	3	2	3	3	3.0	3.3333333333333335	2.3333333333333335	2.6666666666666665	5	5	5	5	5	2	3	2	3	2	3.6666666666666665	3.5	3.6666666666666665	3.5
11	3	3	3	3	3	3	3.3333333333333335	4.0	3.6666666666666665	3.0	4	3	3	4	2	2	2	2	2	2	3.3333333333333335	3.5	3.0	4.0
11	2	2	2	2	1	2	3.3333333333333335	4.0	3.6666666666666665	3.3333333333333335	3	3	2	3	3	2	1	2	2	2	2.6666666666666665	4.5	3.3333333333333335	4.5
11	3	3	3	3	3	3	4.0	4.333333333333333	3.3333333333333335	4.0	3	3	2	2	3	1	2	2	2	2	3.3333333333333335	4.0	3.3333333333333335	4.0
11	2	2	2	2	2	2	4.0	4.0	3.0	3.3333333333333335	4	4	3	3	4	2	1	1	1	2	3.6666666666666665	4.0	3.3333333333333335	5.0
11	2	3	4	4	3	3	4.0	4.0	4.333333333333333	3.6666666666666665	5	5	5	4	4	3	3	2	3	2	3.3333333333333335	3.5	4.0	4.5
12	3	3	4	4	3	4	2.6666666666666665	2.6666666666666665	2.3333333333333335	3.0	3	4	3	4	2	1	3	2	2	2	3.0	3.5	4.0	4.0
12	3	4	4	4	3	2	3.6666666666666665	3.3333333333333335	3.0	4.0	3	5	4	3	4	2	1	3	2	1	3.0	3.0	3.0	3.0
12	3	2	3	2	3	3	3.6666666666666665	4.0	4.333333333333333	4.666666666666667	3	3	4	4	4	1	1	1	1	1	2.6666666666666665	3.5	3.0	4.0
12	4	3	5	3	4	4	2.3333333333333335	2.0	2.3333333333333335	3.0	3	2	4	2	3	1	2	1	2	2	3.0	3.0	3.0	3.5
12	3	3	3	4	3	3	2.3333333333333335	2.3333333333333335	3.0	2.6666666666666665	3	3	2	4	2	1	2	1	2	2	3.0	3.5	3.3333333333333335	3.5
12	2	2	2	3	4	4	3.6666666666666665	3.6666666666666665	3.3333333333333335	3.3333333333333335	2	3	2	3	2	2	2	1	2	1	3.3333333333333335	3.0	3.3333333333333335	4.0
13	3	3	3	3	4	3	3.6666666666666665	3.6666666666666665	3.3333333333333335	3.3333333333333335	2	3	3	2	2	3	2	2	2	2	3.0	4.0	3.3333333333333335	3.5
13	3	3	3	4	4	4	3.0	3.3333333333333335	2.6666666666666665	3.3333333333333335	1	1	1	1	1	2	2	2	3	3	3.0	4.0	3.3333333333333335	3.0
13	4	4	3	4	3	4	3.0	3.3333333333333335	3.0	3.3333333333333335	4	3	3	3	4	3	1	3	2	3	3.0	4.0	3.0	3.5
13	4	4	4	4	4	4	3.0	2.6666666666666665	3.0	3.0	4	4	4	4	5	3	3	3	2	2	3.3333333333333335	2.5	3.3333333333333335	2.0
13	3	3	3	3	2	3	2.3333333333333335	2.6666666666666665	3.6666666666666665	2.3333333333333335	2	3	4	2	4	1	1	1	1	1	3.0	4.5	3.3333333333333335	4.0
13	3	3	3	3	4	3	3.6666666666666665	3.0	3.0	2.3333333333333335	2	3	2	2	3	3	1	2	3	2	3.0	3.5	3.3333333333333335	4.0
14	3	4	2	3	3	4	3.6666666666666665	2.6666666666666665	3.3333333333333335	3.6666666666666665	3	2	3	3	3	1	1	2	2	2	3.3333333333333335	4.5	4.0	4.5
14	3	5	3	3	4	3	4.0	3.6666666666666665	4.333333333333333	4.333333333333333	3	2	4	2	2	2	2	2	3	3	2.6666666666666665	3.0	3.0	4.0
14	3	3	3	2	3	2	4.0	4.0	3.6666666666666665	4.333333333333333	3	4	4	3	4	2	2	2	2	1	3.6666666666666665	4.0	3.0	4.0
14	2	3	2	2	1	2	4.0	3.6666666666666665	4.0	4.0	5	4	4	3	3	3	1	2	3	2	2.6666666666666665	3.0	3.0	3.0
14	3	4	5	4	4	4	3.3333333333333335	3.6666666666666665	3.6666666666666665	3.0	3	1	2	3	3	2	2	2	2	1	3.3333333333333335	3.5	3.6666666666666665	4.0
15	4	4	3	3	3	4	5.0	5.0	4.666666666666667	5.0	4	4	3	3	3	1	2	2	2	3	3.3333333333333335	3.5	2.6666666666666665	3.5
15	1	3	2	2	2	2	4.666666666666667	4.666666666666667	4.333333333333333	4.333333333333333	3	2	2	2	2	2	1	2	2	2	3.3333333333333335	3.0	3.0	3.0
15	3	3	4	4	3	4	4.0	4.333333333333333	4.0	4.666666666666667	3	3	3	3	4	1	2	2	2	1	3.0	3.5	3.0	3.0
15	3	5	4	4	5	3	4.333333333333333	4.0	4.666666666666667	4.666666666666667	3	3	2	3	3	2	2	2	2	2	3.6666666666666665	4.0	3.0	4.0
15	3	3	4	4	5	3	4.333333333333333	4.333333333333333	4.333333333333333	4.666666666666667	3	3	3	2	2	3	2	3	2	3	3.6666666666666665	3.0	3.6666666666666665	3.0
15	3	2	3	3	3	3	4.666666666666667	4.666666666666667	4.666666666666667	4.666666666666667	5	4	5	4	3	2	3	2	3	2	3.3333333333333335	4.0	3.3333333333333335	4.0
16	4	3	4	4	3	5	3.0	3.3333333333333335	3.3333333333333335	3.6666666666666665	4	4	4	3	5	2	2	3	2	3	3.3333333333333335	4.0	3.0	4.0
16	3	3	3	3	3	3	3.6666666666666665	3.6666666666666665	4.0	3.3333333333333335	4	4	4	4	4	2	1	2	2	2	3.0	3.0	3.6666666666666665	4.0
16	3	4	4	5	5	4	3.6666666666666665	3.3333333333333335	2.6666666666666665	3.6666666666666665	2	4	3	3	3	2	1	2	2	2	4.0	4.0	3.6666666666666665	4.5
16	5	5	4	4	5	4	4.0	4.0	4.0	4.666666666666667	1	3	1	3	3	2	2	1	3	2	3.6666666666666665	4.5	4.0	4.5
16	3	4	4	4	4	5	4.333333333333333	4.666666666666667	4.666666666666667	4.333333333333333	3	3	3	3	2	1	1	1	1	2	3.0	3.0	2.6666666666666665	3.5
17	2	2	3	3	3	4	4.333333333333333	4.333333333333333	4.666666666666667	4.333333333333333	3	2	3	2	2	3	2	1	2	2	3.0	3.5	2.6666666666666665	3.0
17	4	2	2	3	3	3	4.333333333333333	3.0	4.0	4.0	4	4	2	4	4	3	2	3	4	3	2.6666666666666665	3.0	2.6666666666666665	4.0
17	4	3	3	3	3	4	3.6666666666666665	3.3333333333333335	3.3333333333333335	3.3333333333333335	4	3	3	2	3	2	2	3	2	2	3.0	3.0	3.0	3.0
17	3	2	3	2	4	3	3.6666666666666665	4.0	4.0	4.0	2	2	2	2	2	1	1	2	2	1	3.3333333333333335	3.5	2.6666666666666665	4.0
17	4	3	3	4	4	4	4.333333333333333	4.333333333333333	4.333333333333333	4.333333333333333	4	4	4	4	3	2	2	2	2	2	3.6666666666666665	3.5	2.6666666666666665	4.0
18	3	4	4	3	4	3	3.0	3.3333333333333335	2.6666666666666665	3.0	2	2	4	4	3	1	1	1	1	2	2.6666666666666665	3.0	2.3333333333333335	3.0
18	2	2	3	2	1	2	2.0	2.0	1.6666666666666667	1.6666666666666667	2	3	3	2	3	3	3	3	3	2	3.3333333333333335	4.5	3.3333333333333335	4.0
18	3	2	4	2	3	2	3.3333333333333335	3.6666666666666665	3.6666666666666665	4.333333333333333	3	3	3	2	1	1	1	1	1	1	2.6666666666666665	3.5	3.6666666666666665	4.0
18	4	4	3	4	3	3	2.6666666666666665	3.0	2.3333333333333335	3.0	5	5	5	4	4	2	2	2	2	1	3.0	4.0	3.3333333333333335	4.5
18	2	3	3	3	3	3	3.0	3.0	3.3333333333333335	3.3333333333333335	3	2	1	3	4	1	1	2	1	2	3.0	4.0	3.6666666666666665	3.5
18	3	3	2	3	2	3	3.0	2.3333333333333335	3.0	2.6666666666666665	4	3	4	2	2	1	2	2	1	1	3.0	3.0	3.3333333333333335	4.0
19	3	4	3	3	2	1	5.0	4.333333333333333	4.333333333333333	4.333333333333333	2	2	2	2	2	2	2	3	1	2	3.3333333333333335	2.5	2.6666666666666665	3.0
19	3	4	4	4	4	4	2.3333333333333335	2.6666666666666665	3.3333333333333335	2.3333333333333335	3	3	4	3	2	1	1	1	2	1	3.6666666666666665	4.0	2.6666666666666665	3.5
19	3	3	2	2	3	2	2.6666666666666665	2.3333333333333335	2.3333333333333335	2.3333333333333335	3	3	3	3	2	3	2	1	1	2	3.0	3.5	3.3333333333333335	4.5
19	5	4	4	3	5	5	2.6666666666666665	2.6666666666666665	2.3333333333333335	2.6666666666666665	3	4	2	3	3	2	3	2	3	2	2.3333333333333335	3.5	3.0	3.0
19	5	4	4	5	4	4	4.333333333333333	3.3333333333333335	3.6666666666666665	3.3333333333333335	2	2	2	3	2	2	2	2	2	2	2.6666666666666665	4.0	3.3333333333333335	4.0
19	3	4	2	3	3	1	3.0	3.0	2.6666666666666665	3.3333333333333335	4	4	3	4	4	2	2	2	2	2	3.3333333333333335	3.0	3.3333333333333335	4.0
20	3	2	3	3	2	3	3.3333333333333335	3.3333333333333335	3.6666666666666665	3.0	1	2	1	2	1	4	3	3	2	3	2.6666666666666665	4.0	3.3333333333333335	3.5
20	4	3	3	3	3	3	3.3333333333333335	3.3333333333333335	3.3333333333333335	2.6666666666666665	2	2	2	3	2	3	2	2	3	2	2.6666666666666665	4.0	3.3333333333333335	4.0
20	4	3	3	3	4	4	5.0	4.0	4.333333333333333	4.333333333333333	2	3	3	2	3	1	2	1	1	1	3.0	4.0	3.6666666666666665	4.5
20	3	3	3	3	4	3	3.6666666666666665	3.6666666666666665	4.0	4.0	3	3	3	3	4	2	3	3	3	1	3.0	3.0	2.6666666666666665	3.5
20	2	2	3	3	3	3	4.0	4.0	3.3333333333333335	4.0	3	2	2	2	2	2	4	3	4	4	3.0	3.5	2.6666666666666665	3.0
21	2	1	2	2	4	1	4.666666666666667	3.6666666666666665	4.333333333333333	4.666666666666667	3	3	3	3	4	3	2	2	3	1	3.0	3.0	2.3333333333333335	2.5
21	3	3	3	3	3	2	4.666666666666667	4.666666666666667	5.0	5.0	3	3	3	3	3	4	3	3	2	3	3.3333333333333335	3.5	3.0	3.5
21	3	4	3	4	3	4	3.3333333333333335	4.666666666666667	3.6666666666666665	4.333333333333333	3	3	3	4	3	2	3	1	1	1	3.3333333333333335	3.5	3.3333333333333335	3.0
21	3	4	3	4	3	4	4.0	3.3333333333333335	3.6666666666666665	3.3333333333333335	4	5	3	4	4	2	1	1	3	1	3.6666666666666665	3.5	3.0	4.0
21	4	3	4	4	3	4	4.666666666666667	5.0	5.0	5.0	3	2	2	2	3	3	3	2	2	2	3.0	4.0	3.3333333333333335	2.5
21	3	2	4	2	2	1	3.6666666666666665	3.6666666666666665	3.0	3.0	1	2	1	2	2	3	3	3	3	2	3.3333333333333335	3.5	3.0	2.5
22	2	2	1	2	2	2	4.0	4.0	4.0	3.0	2	1	2	2	1	2	3	3	2	2	3.3333333333333335	4.5	3.0	4.5
22	3	3	3	2	2	2	2.6666666666666665	2.0	2.3333333333333335	2.3333333333333335	2	2	2	3	2	2	2	1	3	2	3.6666666666666665	4.0	3.0	4.0
22	2	2	2	3	2	1	3.0	2.6666666666666665	2.3333333333333335	2.3333333333333335	2	2	3	2	1	1	2	1	2	1	2.6666666666666665	3.5	3.0	2.5
22	4	5	5	5	4	5	3.0	3.0	3.0	3.3333333333333335	2	2	2	2	3	2	2	1	2	2	3.0	2.5	3.6666666666666665	3.0
22	5	3	4	4	4	4	3.0	3.3333333333333335	3.3333333333333335	2.6666666666666665	4	4	3	4	3	2	2	2	2	1	3.3333333333333335	4.0	3.0	3.5
23	3	3	3	2	1	3	4.0	4.0	3.3333333333333335	4.0	5	5	5	4	5	2	3	3	2	2	3.0	4.0	3.3333333333333335	3.0
23	3	3	3	3	2	3	4.0	4.0	4.0	4.333333333333333	2	3	3	3	3	2	3	3	2	2	3.3333333333333335	3.5	2.6666666666666665	3.0
23	2	4	4	4	3	4	4.666666666666667	5.0	4.333333333333333	4.333333333333333	2	2	2	3	3	2	2	2	1	2	3.3333333333333335	4.0	3.3333333333333335	4.0
23	3	3	4	3	2	3	3.6666666666666665	3.6666666666666665	3.3333333333333335	3.0	2	2	3	2	3	2	2	2	3	2	3.3333333333333335	3.5	3.3333333333333335	2.5
23	3	3	3	4	4	4	4.0	4.0	3.6666666666666665	4.333333333333333	4	3	3	4	4	2	2	3	2	2	3.3333333333333335	3.5	3.3333333333333335	4.0
24	3	2	2	3	3	2	2.6666666666666665	2.6666666666666665	2.6666666666666665	2.6666666666666665	3	2	3	2	3	2	2	2	3	2	3.0	3.5	3.3333333333333335	4.0
24	2	2	2	2	2	2	4.666666666666667	4.333333333333333	4.666666666666667	4.666666666666667	4	3	4	4	4	2	2	1	2	1	3.3333333333333335	3.5	3.0	3.0
24	2	2	2	2	2	2	3.0	3.3333333333333335	3.0	3.3333333333333335	2	2	2	3	1	2	3	3	2	3	3.3333333333333335	2.5	2.6666666666666665	3.5
24	3	3	4	4	3	4	4.0	4.333333333333333	4.0	5.0	3	2	2	1	2	3	2	3	2	2	3.0	3.5	3.3333333333333335	4.0
24	3	4	4	5	4	3	4.0	3.6666666666666665	4.666666666666667	4.0	3	2	2	2	3	4	3	3	3	4	3.0	3.0	3.0	3.5
25	2	3	2	3	2	2	4.666666666666667	4.333333333333333	4.0	4.0	2	2	3	2	3	2	2	2	3	2	2.6666666666666665	3.5	3.0	3.0
25	4	3	3	4	3	5	3.0	3.3333333333333335	3.0	3.3333333333333335	3	2	3	2	3	2	3	2	3	1	3.0	3.5	2.3333333333333335	2.5
25	3	3	4	3	4	2	4.0	3.3333333333333335	4.0	3.6666666666666665	3	3	3	3	3	2	2	2	2	1	3.0	3.0	3.0	3.0
25	3	4	4	4	4	4	4.333333333333333	4.0	4.0	4.666666666666667	4	3	4	4	4	2	3	2	1	1	3.0	3.5	3.3333333333333335	3.0
25	4	3	4	3	3	2	4.333333333333333	4.333333333333333	4.0	4.0	4	4	3	3	2	3	3	2	1	2	3.0	3.5	3.3333333333333335	3.5
26	2	2	3	2	2	4	3.0	3.3333333333333335	3.3333333333333335	3.3333333333333335	5	5	5	4	5	2	3	2	2	3	3.0	3.0	3.0	3.5
26	3	3	3	3	3	3	4.0	4.666666666666667	4.333333333333333	4.333333333333333	5	3	4	4	3	3	2	2	2	2	2.6666666666666665	3.0	2.6666666666666665	3.5
26	4	5	5	4	5	4	4.0	4.333333333333333	4.0	4.0	3	4	3	4	3	1	1	1	1	1	3.3333333333333335	5.0	3.6666666666666665	4.0
26	4	4	3	4	3	4	4.0	4.0	4.0	4.333333333333333	3	3	3	3	3	2	2	3	2	2	3.0	4.0	3.0	3.0
26	3	2	3	3	3	2	4.0	4.333333333333333	4.0	4.333333333333333	3	4	4	3	4	2	1	2	2	2	3.0	4.5	3.3333333333333335	3.5
27	5	5	5	5	4	5	3.3333333333333335	2.6666666666666665	2.3333333333333335	2.3333333333333335	4	4	4	3	4	3	3	2	2	1	3.6666666666666665	4.0	3.6666666666666665	3.5
27	3	4	5	4	5	4	3.0	2.6666666666666665	2.3333333333333335	2.6666666666666665	2	2	1	2	1	3	3	3	3	2	3.6666666666666665	4.5	3.3333333333333335	4.0
27	5	5	4	5	5	5	3.6666666666666665	4.0	4.0	3.3333333333333335	4	3	3	3	4	2	2	1	2	3	3.3333333333333335	2.5	3.0	2.5
27	2	2	2	2	2	3	3.0	3.0	3.3333333333333335	3.3333333333333335	5	5	3	3	4	2	2	1	1	2	3.6666666666666665	4.0	3.6666666666666665	4.0
27	5	4	4	5	5	5	4.666666666666667	4.666666666666667	4.666666666666667	4.333333333333333	4	4	3	3	2	3	2	2	3	2	3.0	3.5	3.0	3.5
27	4	5	5	3	4	4	2.3333333333333335	2.6666666666666665	2.0	2.3333333333333335	3	3	2	2	3	1	2	1	2	1	3.3333333333333335	4.0	3.3333333333333335	4.0
28	3	3	3	4	3	3	4.0	4.0	3.6666666666666665	3.6666666666666665	2	2	1	1	2	3	3	2	2	2	3.3333333333333335	3.5	3.3333333333333335	4.0
28	4	2	3	3	3	4	4.0	4.333333333333333	4.333333333333333	4.333333333333333	3	2	2	3	3	1	1	1	1	1	2.6666666666666665	3.0	3.6666666666666665	4.0
28	3	4	5	3	4	4	4.0	3.3333333333333335	3.3333333333333335	3.6666666666666665	4	4	4	4	4	1	1	1	1	1	2.6666666666666665	4.5	2.6666666666666665	3.5
28	3	3	3	3	3	3	3.3333333333333335	4.0	3.3333333333333335	3.6666666666666665	3	3	3	3	4	3	3	2	3	2	3.3333333333333335	4.0	3.0	4.0
28	4	3	4	3	3	3	4.0	4.333333333333333	4.0	4.0	2	1	2	1	3	3	3	3	3	3	3.0	2.5	2.0	3.0
29	3	4	3	3	3	3	3.6666666666666665	3.0	3.3333333333333335	3.6666666666666665	3	4	3	3	4	3	3	3	2	3	3.6666666666666665	3.5	3.3333333333333335	3.0
29	3	4	3	4	2	3	4.0	4.0	4.0	3.6666666666666665	4	3	4	3	3	3	3	3	2	3	2.6666666666666665	3.0	3.0	2.0
29	3	3	4	4	3	4	3.0	3.3333333333333335	3.0	2.3333333333333335	3	4	3	3	5	3	2	3	3	4	3.0	3.5	3.0	3.0
29	3	3	3	3	4	3	4.0	3.0	4.333333333333333	3.6666666666666665	3	2	3	3	2	2	2	2	4	2	3.0	3.5	3.6666666666666665	4.0
29	2	2	2	2	3	2	4.0	4.0	3.6666666666666665	4.0	2	1	3	2	3	3	2	3	2	3	3.0	4.0	3.0	2.5
30	3	2	3	3	4	3	4.333333333333333	4.0	4.0	4.333333333333333	2	3	2	3	4	4	2	3	3	3	2.3333333333333335	3.0	3.0	2.5
30	2	2	1	1	2	2	4.0	4.0	3.6666666666666665	4.0	2	3	4	3	3	3	3	3	3	3	3.3333333333333335	3.0	2.3333333333333335	3.5
30	1	1	1	1	1	1	4.666666666666667	4.333333333333333	4.666666666666667	5.0	3	3	3	3	4	2	2	1	3	2	3.6666666666666665	3.5	3.3333333333333335	3.5
30	3	3	4	3	3	3	5.0	5.0	5.0	4.666666666666667	1	1	1	2	2	3	2	3	2	3	3.0	2.0	2.6666666666666665	2.5
30	3	4	3	3	3	4	4.0	3.6666666666666665	3.6666666666666665	3.6666666666666665	3	2	2	2	3	3	3	3	3	3	3.0	3.0	3.0	3.0
31	4	3	2	4	3	4	2.6666666666666665	3.0	3.0	3.0	4	4	4	4	5	2	1	1	1	1	3.0	4.0	3.6666666666666665	4.0
31	4	4	3	4	4	3	3.0	3.0	3.0	2.6666666666666665	4	3	3	4	3	1	1	2	1	2	3.3333333333333335	4.0	3.0	4.0
31	2	3	3	3	3	3	3.3333333333333335	3.3333333333333335	3.3333333333333335	3.0	4	4	5	3	4	1	1	1	2	2	3.6666666666666665	4.5	3.3333333333333335	4.0
31	4	3	3	5	4	3	3.0	2.3333333333333335	2.3333333333333335	3.0	3	3	3	4	4	1	1	2	1	2	3.3333333333333335	4.0	3.3333333333333335	4.5
31	4	4	4	4	4	4	3.0	3.3333333333333335	4.0	3.3333333333333335	2	3	3	4	2	1	2	1	2	1	3.0	3.5	3.0	4.5
31	3	4	4	5	4	4	4.0	3.0	3.6666666666666665	3.3333333333333335	2	1	2	3	2	2	2	1	2	2	4.0	5.0	3.0	4.0
32	1	1	1	1	1	2	3.3333333333333335	3.3333333333333335	3.0	3.3333333333333335	3	3	3	3	3	4	3	2	3	3	2.6666666666666665	3.5	3.3333333333333335	3.0
32	3	2	3	2	3	3	2.6666666666666665	4.0	3.3333333333333335	3.0	3	1	2	3	2	3	4	3	3	4	3.0	3.5	4.0	4.0
32	2	3	2	3	2	3	2.6666666666666665	3.0	3.0	2.6666666666666665	3	3	2	3	1	2	2	3	3	3	3.3333333333333335	4.0	3.6666666666666665	4.5
32	2	2	2	3	3	2	3.3333333333333335	3.0	3.3333333333333335	3.3333333333333335	3	4	3	3	4	4	3	2	4	2	2.6666666666666665	3.5	3.0	2.5
32	2	3	2	2	3	3	4.0	3.6666666666666665	4.0	3.3333333333333335	3	3	3	3	3	2	3	3	3	3	4.0	3.0	3.3333333333333335	4.0
33	3	2	3	2	1	2	5.0	4.666666666666667	4.333333333333333	5.0	3	2	3	4	3	1	2	2	1	1	2.6666666666666665	3.5	3.6666666666666665	3.5
33	3	4	3	4	4	4	4.0	4.0	4.0	4.0	5	4	4	4	4	3	2	3	3	1	3.3333333333333335	4.0	3.3333333333333335	5.0
33	1	2	3	2	2	2	4.0	4.333333333333333	4.0	3.6666666666666665	4	2	4	4	4	2	3	3	2	3	3.0	3.5	3.3333333333333335	3.5
33	2	3	3	3	3	3	3.3333333333333335	3.3333333333333335	3.6666666666666665	3.3333333333333335	4	5	4	3	4	2	3	3	2	3	3.3333333333333335	3.0	3.0	3.5
33	2	3	4	3	3	3	3.3333333333333335	3.6666666666666665	4.333333333333333	4.0	4	3	3	4	3	3	2	3	3	2	3.0	3.0	3.0	3.0
33	1	3	2	1	2	3	3.3333333333333335	3.3333333333333335	3.3333333333333335	3.3333333333333335	2	3	3	2	2	2	2	2	2	2	4.0	3.5	3.3333333333333335	3.5
34	3	3	2	2	3	2	4.333333333333333	3.6666666666666665	5.0	4.333333333333333	2	2	3	3	2	2	2	2	2	2	3.3333333333333335	4.0	3.0	4.0
34	3	2	2	2	3	2	3.6666666666666665	3.3333333333333335	3.3333333333333335	3.3333333333333335	2	2	2	3	2	2	2	1	2	1	3.3333333333333335	3.0	3.0	4.0
34	3	2	3	3	3	3	4.333333333333333	4.333333333333333	4.0	4.0	2	2	2	3	3	1	2	2	2	3	3.3333333333333335	4.0	3.3333333333333335	4.0
34	2	3	3	2	2	2	4.0	4.333333333333333	3.6666666666666665	4.0	3	2	2	2	3	2	1	1	2	1	3.0	4.0	3.3333333333333335	4.0
34	2	1	2	2	1	1	4.0	4.0	2.6666666666666665	3.6666666666666665	2	3	2	2	4	3	2	1	2	3	3.3333333333333335	4.5	3.3333333333333335	4.0
35	3	2	2	4	3	3	3.3333333333333335	3.3333333333333335	3.3333333333333335	4.0	3	3	3	3	3	1	2	2	2	2	4.0	3.5	4.0	4.0
35	2	3	3	3	4	3	4.333333333333333	4.0	3.6666666666666665	3.6666666666666665	3	3	3	3	3	1	2	2	1	1	3.3333333333333335	4.0	3.3333333333333335	4.5
35	4	3	4	4	5	4	4.666666666666667	4.0	4.666666666666667	4.333333333333333	3	3	3	2	3	1	2	3	2	2	3.3333333333333335	4.0	3.6666666666666665	4.0
35	2	2	2	3	2	2	3.6666666666666665	3.0	3.6666666666666665	3.0	3	3	2	3	2	3	2	3	3	3	3.0	4.5	3.6666666666666665	4.0
35	3	2	1	2	3	3	3.0	1.6666666666666667	2.3333333333333335	2.6666666666666665	4	2	3	4	4	2	2	2	2	2	3.6666666666666665	4.0	4.0	4.5
36	2	3	3	3	3	4	3.0	3.3333333333333335	3.6666666666666665	3.0	4	4	4	3	4	3	3	3	3	3	3.0	4.0	3.6666666666666665	4.0
36	2	3	3	3	3	2	3.6666666666666665	3.3333333333333335	3.3333333333333335	4.0	4	4	4	4	4	3	3	3	5	2	3.6666666666666665	4.5	3.6666666666666665	4.5
36	2	2	3	2	2	2	3.3333333333333335	3.3333333333333335	3.3333333333333335	3.6666666666666665	4	3	4	3	4	4	4	3	4	3	3.3333333333333335	3.0	3.0	3.0
36	3	2	4	4	2	3	4.333333333333333	4.666666666666667	3.6666666666666665	4.333333333333333	4	5	4	4	3	3	4	4	4	4	3.6666666666666665	3.5	3.6666666666666665	3.5
36	3	4	4	3	3	4	3.6666666666666665	3.0	3.0	3.6666666666666665	4	4	4	4	5	2	3	1	3	2	3.0	3.0	2.6666666666666665	3.0
36	1	2	3	2	1	3	3.3333333333333335	3.3333333333333335	3.6666666666666665	4.0	4	5	5	4	4	3	3	4	3	2	3.3333333333333335	3.0	2.6666666666666665	4.0
37	3	3	2	3	2	3	2.3333333333333335	2.0	2.3333333333333335	3.0	3	2	2	3	3	3	3	2	4	3	3.0	3.5	3.6666666666666665	3.5
37	5	4	5	4	4	3	3.3333333333333335	3.6666666666666665	3.6666666666666665	4.0	3	2	4	3	3	2	1	2	2	2	3.0	3.5	3.0	4.0
37	3	4	3	2	3	2	2.6666666666666665	2.6666666666666665	2.3333333333333335	2.3333333333333335	2	2	2	2	3	1	1	2	1	1	3.0	3.0	3.3333333333333335	3.0
37	4	4	4	4	4	3	1.6666666666666667	1.6666666666666667	2.0	2.0	4	3	2	3	3	3	1	2	2	2	3.6666666666666665	4.0	3.3333333333333335	3.5
37	4	4	4	5	5	4	3.3333333333333335	4.0	3.6666666666666665	3.6666666666666665	3	4	3	3	3	2	3	3	2	3	3.0	4.5	3.6666666666666665	4.5
38	4	4	3	4	3	5	4.666666666666667	4.0	4.333333333333333	3.6666666666666665	4	4	5	5	5	2	3	2	2	2	3.0	3.0	3.3333333333333335	3.0
38	4	5	5	5	5	4	4.0	4.666666666666667	4.666666666666667	4.0	5	5	4	5	5	2	3	2	2	2	3.3333333333333335	4.0	3.6666666666666665	4.5
38	2	4	3	3	3	4	5.0	3.6666666666666665	3.6666666666666665	4.666666666666667	3	5	4	4	4	3	4	4	3	3	3.3333333333333335	4.0	3.3333333333333335	4.5
38	5	4	3	4	3	4	3.3333333333333335	3.6666666666666665	3.6666666666666665	4.0	3	4	3	3	4	2	2	1	2	3	3.0	4.0	3.3333333333333335	3.5
38	3	4	4	2	3	3	2.6666666666666665	3.0	2.6666666666666665	3.6666666666666665	4	4	4	4	4	2	3	3	3	4	3.3333333333333335	4.0	3.3333333333333335	3.5
38	3	2	2	2	3	3	4.333333333333333	3.6666666666666665	4.333333333333333	4.333333333333333	5	5	5	5	5	4	3	4	3	3	3.0	3.5	3.0	3.0
39	2	2	3	3	3	1	2.6666666666666665	3.0	2.3333333333333335	3.0	4	4	4	5	5	1	2	1	2	2	2.6666666666666665	3.5	3.0	3.5
39	3	3	3	2	2	4	4.333333333333333	3.6666666666666665	3.3333333333333335	3.6666666666666665	4	4	4	4	4	2	1	2	1	3	3.6666666666666665	5.0	4.0	4.5
39	3	2	4	2	2	3	3.0	2.3333333333333335	2.6666666666666665	2.6666666666666665	2	2	3	2	3	4	2	2	2	2	3.0	4.0	3.3333333333333335	3.5
39	3	2	3	3	4	2	4.333333333333333	4.333333333333333	4.0	4.333333333333333	2	3	3	2	2	2	2	1	2	2	3.0	3.0	3.3333333333333335	3.5
39	4	4	3	3	3	3	2.6666666666666665	2.0	2.3333333333333335	2.3333333333333335	3	3	3	3	3	2	2	3	2	2	3.3333333333333335	4.0	3.3333333333333335	3.5
39	2	3	3	2	2	3	2.3333333333333335	3.0	2.6666666666666665	3.0	3	3	3	3	3	3	3	2	2	3	3.3333333333333335	4.5	3.3333333333333335	4.0
40	3	3	4	3	3	4	3.3333333333333335	3.3333333333333335	3.3333333333333335	3.3333333333333335	2	3	3	2	3	2	1	1	2	1	3.0	3.0	3.0	3.5
40	3	3	3	3	2	3	2.3333333333333335	2.6666666666666665	2.3333333333333335	2.3333333333333335	4	4	3	4	4	4	3	3	2	3	3.3333333333333335	5.0	3.0	4.5
40	3	3	3	3	3	3	4.0	3.6666666666666665	3.3333333333333335	3.6666666666666665	3	2	3	3	2	3	3	2	3	4	3.0	4.5	3.0	4.5
40	3	3	4	3	3	3	2.6666666666666665	3.0	3.0	2.6666666666666665	5	3	4	3	3	3	4	3	4	3	3.0	4.5	3.3333333333333335	4.5
40	2	3	3	3	4	3	2.3333333333333335	3.0	3.0	3.0	3	2	3	3	3	1	2	2	2	1	3.3333333333333335	3.5	4.0	4.0
40	3	4	3	4	4	4	3.3333333333333335	3.3333333333333335	3.3333333333333335	3.6666666666666665	2	2	2	2	2	3	3	2	3	3	2.3333333333333335	3.5	3.6666666666666665	3.5
41	2	3	2	3	3	2	3.0	3.3333333333333335	2.3333333333333335	4.0	3	3	3	3	3	2	2	2	3	3	3.3333333333333335	3.5	3.0	3.0
41	4	3	3	4	4	5	4.666666666666667	4.666666666666667	4.333333333333333	5.0	3	3	3	4	3	4	3	4	3	3	3.6666666666666665	3.5	3.3333333333333335	4.0
41	3	3	4	2	3	4	3.3333333333333335	3.3333333333333335	4.0	3.6666666666666665	3	2	3	3	4	2	3	3	2	2	4.0	4.0	2.3333333333333335	3.0
41	4	3	1	2	3	2	3.3333333333333335	3.6666666666666665	4.333333333333333	3.6666666666666665	2	2	2	2	2	2	2	2	2	1	3.3333333333333335	4.0	3.3333333333333335	3.5
41	3	3	3	2	2	3	4.666666666666667	4.666666666666667	4.333333333333333	4.666666666666667	3	3	3	3	4	3	4	3	3	3	3.3333333333333335	4.0	2.6666666666666665	4.0
41	4	4	5	4	2	3	3.6666666666666665	4.666666666666667	4.0	4.0	3	3	3	3	3	2	3	4	3	2	3.3333333333333335	3.0	3.0	4.0
42	5	4	4	4	4	5	3.3333333333333335	3.3333333333333335	3.3333333333333335	3.3333333333333335	4	3	3	3	2	3	3	3	3	3	3.0	4.0	3.6666666666666665	3.5
42	5	5	4	4	4	3	4.0	4.0	4.0	3.6666666666666665	3	3	4	2	3	2	3	3	3	3	4.0	4.0	3.3333333333333335	4.0
42	3	3	4	3	3	3	3.3333333333333335	3.0	3.3333333333333335	3.3333333333333335	3	2	3	2	2	3	3	3	4	3	3.3333333333333335	3.5	3.0	4.0
42	4	3	3	3	3	3	4.0	4.0	4.0	4.333333333333333	3	4	4	4	3	2	4	3	3	3	3.3333333333333335	4.5	3.0	4.5
42	4	3	4	3	4	4	4.333333333333333	3.3333333333333335	3.3333333333333335	4.0	3	3	4	4	4	2	2	2	3	2	3.0	3.0	3.0	3.0
43	1	1	1	1	1	1	3.6666666666666665	3.6666666666666665	3.6666666666666665	3.6666666666666665	3	1	3	3	2	3	2	1	2	2	3.6666666666666665	3.0	3.3333333333333335	3.0
43	3	3	3	3	3	3	3.3333333333333335	3.0	2.6666666666666665	3.0	3	3	2	3	2	1	2	2	2	2	3.0	4.0	3.6666666666666665	4.5
43	2	2	3	3	2	3	4.0	4.0	4.333333333333333	4.0	2	3	2	3	2	1	2	1	1	2	3.3333333333333335	4.5	3.6666666666666665	4.5
43	5	5	4	4	4	5	3.0	2.6666666666666665	3.3333333333333335	2.6666666666666665	3	3	4	4	3	2	2	2	2	2	3.3333333333333335	4.0	3.6666666666666665	4.0
43	4	4	4	4	4	3	3.6666666666666665	3.3333333333333335	3.0	3.0	3	4	3	4	3	2	2	1	1	1	3.6666666666666665	5.0	4.0	4.0
43	3	2	3	2	2	4	4.0	4.666666666666667	4.0	4.0	1	3	1	2	1	3	3	2	3	2	3.3333333333333335	5.0	3.3333333333333335	5.0
44	2	1	2	1	2	1	4.0	3.3333333333333335	3.6666666666666665	4.0	1	3	3	2	2	1	1	1	1	1	2.6666666666666665	2.5	2.6666666666666665	2.5
44	3	2	2	3	3	3	2.6666666666666665	2.6666666666666665	2.6666666666666665	2.6666666666666665	3	2	3	5	3	3	2	2	2	2	3.0	3.0	2.6666666666666665	2.5
44	4	3	3	4	2	3	3.6666666666666665	3.6666666666666665	3.0	3.0	3	3	3	3	3	2	2	2	3	2	2.6666666666666665	3.5	3.3333333333333335	3.0
44	3	5	5	4	5	4	3.6666666666666665	3.3333333333333335	2.6666666666666665	3.3333333333333335	3	2	3	4	3	3	4	2	3	3	3.3333333333333335	3.5	3.0	4.0
44	3	4	3	3	3	3	2.3333333333333335	3.0	2.6666666666666665	3.0	3	3	3	3	4	2	2	3	2	2	3.0	3.5	3.0	3.0
45	4	5	4	4	4	3	3.6666666666666665	3.3333333333333335	3.0	3.0	3	2	2	2	2	3	2	2	2	3	3.0	3.0	3.3333333333333335	3.5
45	4	5	3	3	4	3	3.3333333333333335	3.3333333333333335	3.3333333333333335	3.6666666666666665	4	4	3	4	4	1	1	1	1	1	3.3333333333333335	4.0	3.0	3.0
45	3	4	4	3	4	3	3.6666666666666665	3.3333333333333335	4.0	4.0	4	3	4	4	4	3	2	2	3	3	2.6666666666666665	3.5	3.0	3.0
45	3	4	4	4	3	4	3.6666666666666665	4.0	3.6666666666666665	4.333333333333333	3	3	3	3	3	2	2	3	2	2	3.0	3.5	3.3333333333333335	3.5
45	5	4	4	5	5	4	3.6666666666666665	3.3333333333333335	4.0	3.6666666666666665	3	4	3	3	3	1	1	1	1	1	3.0	4.0	3.6666666666666665	3.5
46	3	4	3	4	2	3	3.0	3.0	2.6666666666666665	2.3333333333333335	3	3	4	3	4	3	3	3	3	3	3.6666666666666665	4.5	3.6666666666666665	3.5
46	3	3	4	4	2	3	2.6666666666666665	3.3333333333333335	3.0	2.3333333333333335	3	3	2	2	3	2	3	2	2	1	3.6666666666666665	4.5	3.6666666666666665	5.0
46	5	5	5	4	4	4	3.0	3.3333333333333335	2.6666666666666665	2.6666666666666665	4	5	3	5	3	3	2	2	2	2	3.3333333333333335	3.5	3.0	3.0
46	4	4	4	4	4	4	3.0	2.6666666666666665	3.3333333333333335	2.6666666666666665	4	4	4	3	3	3	3	2	2	2	3.3333333333333335	3.0	3.0	4.0
46	4	4	3	4	4	3	3.3333333333333335	3.0	2.6666666666666665	3.0	4	3	3	3	4	2	2	2	2	3	3.6666666666666665	3.5	3.6666666666666665	4.0
46	4	4	4	4	5	4	3.0	3.3333333333333335	3.3333333333333335	3.0	5	5	5	5	5	2	3	2	3	2	3.3333333333333335	4.5	3.0	4.0
47	3	4	3	3	3	3	4.333333333333333	4.0	3.6666666666666665	3.6666666666666665	4	4	3	4	4	2	2	3	2	3	2.6666666666666665	3.5	3.3333333333333335	3.0
47	4	4	4	3	4	3	4.0	3.6666666666666665	3.3333333333333335	4.0	3	3	2	2	3	1	2	2	2	2	3.6666666666666665	4.0	4.0	4.0
47	4	4	4	4	3	3	3.6666666666666665	3.6666666666666665	3.3333333333333335	4.0	3	3	2	3	3	2	2	3	2	2	3.0	3.0	2.6666666666666665	3.0
47	5	5	5	4	5	5	4.333333333333333	4.333333333333333	5.0	4.666666666666667	1	2	2	2	2	2	3	2	2	1	3.6666666666666665	4.5	3.3333333333333335	4.0
47	3	3	4	4	3	5	4.333333333333333	4.666666666666667	4.0	4.666666666666667	4	4	4	4	3	1	1	1	1	1	3.3333333333333335	5.0	3.6666666666666665	5.0
47	5	3	4	4	3	5	3.3333333333333335	4.0	4.0	3.3333333333333335	3	2	3	3	3	2	2	3	2	2	2.6666666666666665	3.5	2.6666666666666665	3.5
48	4	4	4	3	4	4	4.0	3.6666666666666665	4.0	4.333333333333333	4	5	5	5	5	1	2	1	1	1	3.3333333333333335	3.0	3.0	3.0
48	4	4	4	4	3	4	4.0	4.0	4.0	4.333333333333333	3	3	3	3	3	3	3	3	3	3	3.3333333333333335	3.0	3.3333333333333335	3.5
48	2	2	1	2	1	2	4.0	3.6666666666666665	3.6666666666666665	3.6666666666666665	5	3	4	4	4	1	2	2	2	2	3.3333333333333335	3.0	3.6666666666666665	3.0
48	2	2	4	2	2	3	3.6666666666666665	4.0	4.0	4.333333333333333	4	3	3	4	3	2	2	2	3	3	4.0	3.0	3.0	4.5
48	3	3	2	3	3	3	3.6666666666666665	3.0	4.0	3.6666666666666665	4	4	4	5	4	2	2	3	2	2	3.3333333333333335	4.5	3.0	3.5
49	3	5	4	4	4	4	3.6666666666666665	3.6666666666666665	3.6666666666666665	3.6666666666666665	3	4	4	4	4	2	2	1	1	1	3.0	3.0	3.3333333333333335	3.5
49	3	3	4	4	3	4	3.6666666666666665	4.0	4.0	3.6666666666666665	4	4	3	4	4	3	2	2	2	2	3.0	3.0	3.3333333333333335	3.0
49	5	4	5	4	5	5	3.6666666666666665	3.3333333333333335	3.3333333333333335	4.333333333333333	2	1	3	4	2	2	2	2	1	2	3.6666666666666665	3.5	3.3333333333333335	3.0
49	4	3	5	4	4	5	3.3333333333333335	2.6666666666666665	3.3333333333333335	3.3333333333333335	4	3	3	2	3	1	1	2	2	3	3.0	3.0	2.6666666666666665	2.5
49	3	2	3	3	3	3	4.0	3.3333333333333335	3.6666666666666665	4.0	4	4	4	4	4	1	1	2	2	1	3.0	3.5	2.6666666666666665	4.0
49	3	5	2	3	3	3	4.0	3.6666666666666665	4.0	3.6666666666666665	3	3	4	3	3	1	1	1	1	1	3.0	3.0	3.3333333333333335	3.0
50	3	4	3	3	3	3	4.0	4.0	3.6666666666666665	3.3333333333333335	5	5	4	4	5	2	3	2	2	3	3.3333333333333335	3.5	3.3333333333333335	3.5
50	3	2	3	2	3	3	3.6666666666666665	4.0	3.3333333333333335	3.6666666666666665	3	3	3	4	2	3	2	2	2	2	2.6666666666666665	2.5	2.6666666666666665	3.0
50	3	3	3	3	2	2	4.0	4.333333333333333	3.3333333333333335	4.666666666666667	3	3	4	4	3	4	3	3	4	3	2.6666666666666665	3.5	3.6666666666666665	4.0
50	3	3	4	2	4	4	3.0	2.6666666666666665	3.0	4.0	3	4	3	2	3	2	2	1	3	2	2.6666666666666665	4.0	3.6666666666666665	3.0
50	2	1	2	2	2	1	3.0	3.0	3.0	2.3333333333333335	4	4	5	4	5	2	2	2	2	2	3.3333333333333335	3.0	2.6666666666666665	2.0
51	4	2	3	4	3	4	3.0	3.3333333333333335	2.3333333333333335	2.6666666666666665	2	2	2	2	2	3	3	3	3	3	3.6666666666666665	4.5	3.6666666666666665	4.5
51	1	2	2	2	1	2	3.3333333333333335	3.0	3.0	3.0	4	5	4	5	4	3	2	3	2	4	3.3333333333333335	3.5	3.6666666666666665	3.5
51	2	1	3	3	2	3	4.333333333333333	3.6666666666666665	3.3333333333333335	4.0	3	3	4	2	3	3	2	2	3	4	3.3333333333333335	3.0	3.0	4.0
51	3	3	4	2	3	3	3.3333333333333335	3.6666666666666665	3.6666666666666665	3.3333333333333335	1	2	1	3	1	2	2	2	3	3	3.3333333333333335	4.5	3.6666666666666665	4.5
51	2	2	2	1	3	2	3.3333333333333335	3.3333333333333335	3.6666666666666665	3.0	3	3	4	4	4	1	3	3	4	3	3.6666666666666665	4.0	3.0	3.0
51	3	3	3	3	3	3	3.6666666666666665	3.0	3.0	4.0	4	2	2	3	3	2	3	3	3	3	2.6666666666666665	4.0	3.6666666666666665	4.5
52	3	3	3	2	4	4	3.6666666666666665	3.6666666666666665	3.3333333333333335	3.3333333333333335	3	4	4	4	4	3	2	3	3	3	3.3333333333333335	3.0	3.6666666666666665	3.5
52	4	3	4	3	5	4	4.333333333333333	4.666666666666667	4.333333333333333	4.333333333333333	2	3	3	3	3	2	2	2	3	2	3.3333333333333335	4.5	2.6666666666666665	4.0
52	3	4	3	3	3	3	5.0	4.333333333333333	4.0	4.333333333333333	4	3	3	4	3	2	1	1	1	2	3.0	4.0	2.6666666666666665	4.0
52	3	3	3	3	5	3	4.0	3.3333333333333335	4.0	3.3333333333333335	3	3	3	2	1	4	3	3	4	2	3.3333333333333335	4.5	3.0	3.5
52	3	3	4	3	3	3	3.3333333333333335	3.6666666666666665	3.0	3.0	3	2	3	1	2	3	2	2	2	2	3.3333333333333335	3.0	3.0	2.5
53	4	3	2	3	4	4	3.3333333333333335	3.6666666666666665	3.6666666666666665	3.3333333333333335	3	4	5	3	3	4	3	4	3	2	3.0	3.5	3.0	4.0
53	2	3	3	2	3	3	4.0	4.0	4.0	4.0	3	3	3	4	4	3	3	3	2	3	3.3333333333333335	4.5	3.3333333333333335	4.0
53	1	2	2	2	1	2	3.3333333333333335	4.0	3.0	3.3333333333333335	3	4	3	2	2	2	2	2	3	3	3.0	4.5	3.3333333333333335	4.0
53	3	3	3	3	2	3	2.6666666666666665	3.0	3.3333333333333335	2.6666666666666665	4	4	4	5	4	1	1	1	2	1	3.3333333333333335	4.0	3.0	4.0
53	2	3	3	3	3	3	4.333333333333333	4.0	3.6666666666666665	4.0	4	4	3	4	3	3	1	2	3	2	3.3333333333333335	3.5	3.0	3.0
54	3	3	3	2	3	2	2.3333333333333335	3.0	2.0	2.0	3	2	2	2	3	3	2	3	2	3	3.0	3.0	2.6666666666666665	4.0
54	3	4	2	2	3	3	4.0	3.6666666666666665	3.6666666666666665	3.6666666666666665	3	2	2	2	2	3	2	3	2	3	3.3333333333333335	4.0	3.0	4.5
54	2	2	3	4	3	3	3.3333333333333335	3.3333333333333335	3.3333333333333335	3.0	4	4	4	4	4	3	2	3	3	2	3.3333333333333335	4.5	3.3333333333333335	4.5
54	3	3	3	4	2	2	2.3333333333333335	3.0	2.3333333333333335	2.0	4	3	4	3	2	3	3	2	3	3	3.6666666666666665	4.0	3.3333333333333335	3.0
54	3	3	3	2	3	2	2.6666666666666665	2.6666666666666665	3.3333333333333335	3.3333333333333335	2	3	3	3	3	3	3	3	2	3	3.0	3.0	2.6666666666666665	4.0
54	2	3	2	3	3	3	3.3333333333333335	3.0	4.0	3.6666666666666665	2	3	3	2	2	3	2	2	3	3	2.6666666666666665	3.0	2.3333333333333335	3.5
55	3	2	2	3	3	3	4.0	4.666666666666667	4.666666666666667	5.0	3	4	5	4	4	3	3	3	3	3	3.6666666666666665	4.0	3.3333333333333335	4.0
55	3	3	4	3	4	5	4.666666666666667	4.333333333333333	4.666666666666667	5.0	4	4	5	4	5	1	1	2	1	1	3.0	3.5	3.0	3.0
55	3	3	3	4	3	3	4.0	4.333333333333333	5.0	4.333333333333333	2	3	2	3	4	2	1	2	1	2	3.0	3.5	2.6666666666666665	3.5
55	4	4	3	4	2	4	5.0	4.666666666666667	4.666666666666667	4.333333333333333	3	2	1	2	3	2	2	2	1	1	3.0	4.0	3.3333333333333335	4.0
55	4	4	3	4	2	3	5.0	5.0	4.0	5.0	3	4	4	4	4	2	2	2	2	2	3.0	3.5	3.6666666666666665	3.5
55	3	2	3	3	3	3	4.0	3.6666666666666665	3.6666666666666665	4.0	2	2	2	2	3	2	2	2	2	2	3.0	4.5	3.0	4.5
56	3	3	3	3	4	3	2.6666666666666665	2.6666666666666665	3.0	4.0	1	2	3	1	2	2	2	2	1	2	3.0	3.5	3.3333333333333335	3.5
56	3	3	3	4	3	4	3.0	3.3333333333333335	2.6666666666666665	3.0	4	2	4	4	4	3	3	4	3	3	2.6666666666666665	2.0	3.0	3.0
56	4	3	4	4	4	4	3.3333333333333335	3.0	3.0	3.6666666666666665	3	4	2	3	3	2	3	3	1	3	3.0	4.0	3.3333333333333335	4.0
56	3	5	4	4	4	4	3.0	3.0	3.3333333333333335	3.0	3	3	1	1	3	5	5	4	5	4	3.6666666666666665	3.5	3.3333333333333335	2.5
56	3	3	3	4	4	3	2.3333333333333335	3.0	2.3333333333333335	2.6666666666666665	4	3	2	3	4	2	3	1	1	3	3.3333333333333335	3.5	3.0	3.5
56	4	2	4	4	3	4	3.0	2.6666666666666665	3.3333333333333335	2.6666666666666665	3	3	3	3	3	2	1	3	2	3	3.3333333333333335	5.0	3.6666666666666665	4.0
57	4	4	3	3	2	2	2.6666666666666665	3.0	3.3333333333333335	3.3333333333333335	3	3	2	3	3	2	2	1	3	3	3.6666666666666665	4.0	3.6666666666666665	4.0
57	1	2	2	2	1	2	3.3333333333333335	3.0	3.0	3.0	2	3	2	3	2	2	4	3	3	3	3.0	4.0	2.6666666666666665	3.0
57	4	5	4	3	4	4	3.6666666666666665	3.3333333333333335	3.0	3.0	3	4	3	4	3	3	2	3	3	2	2.6666666666666665	4.0	3.3333333333333335	4.5
57	3	3	3	4	3	3	3.0	3.3333333333333335	2.6666666666666665	3.6666666666666665	2	2	1	2	2	2	1	1	1	1	3.0	3.0	3.3333333333333335	3.5
57	5	5	5	4	5	5	4.0	4.333333333333333	4.666666666666667	4.666666666666667	3	3	3	2	3	2	2	3	2	3	2.6666666666666665	3.5	3.3333333333333335	3.5
57	3	4	4	3	3	3	2.6666666666666665	2.6666666666666665	3.3333333333333335	2.3333333333333335	3	3	2	2	2	2	3	2	2	3	3.3333333333333335	3.0	3.3333333333333335	3.5
58	5	4	5	4	3	4	3.0	3.3333333333333335	3.3333333333333335	3.3333333333333335	3	3	3	3	3	2	2	2	2	2	3.3333333333333335	4.5	3.3333333333333335	4.5
58	4	4	4	3	3	4	2.3333333333333335	3.3333333333333335	2.3333333333333335	2.3333333333333335	4	4	4	4	3	1	2	1	1	2	3.6666666666666665	4.5	4.0	4.0
58	3	3	3	3	2	3	2.3333333333333335	2.3333333333333335	2.0	2.0	3	4	3	4	4	2	2	1	2	2	2.6666666666666665	4.0	3.0	4.0
58	5	4	5	4	5	4	3.6666666666666665	3.6666666666666665	2.6666666666666665	3.3333333333333335	4	3	4	4	2	1	1	2	2	2	2.6666666666666665	4.0	3.0	3.5
58	4	4	4	4	4	3	3.3333333333333335	3.0	2.6666666666666665	3.3333333333333335	4	4	4	4	3	2	1	2	1	2	3.3333333333333335	4.5	3.0	4.0
59	3	3	3	4	4	4	5.0	4.666666666666667	4.666666666666667	4.0	3	2	3	3	3	3	3	3	2	2	3.0	3.5	3.0	3.0
59	3	3	4	3	4	3	3.6666666666666665	4.0	4.0	4.333333333333333	3	3	4	4	3	3	3	3	4	3	3.3333333333333335	3.5	3.3333333333333335	3.5
59	2	3	2	2	2	3	4.0	3.6666666666666665	4.0	4.666666666666667	3	4	4	4	4	3	3	3	2	3	3.3333333333333335	5.0	3.0	4.5
59	3	3	4	3	3	4	3.3333333333333335	4.0	4.333333333333333	4.0	4	4	3	3	4	3	3	2	2	3	3.0	4.5	3.6666666666666665	3.5
59	4	4	4	4	5	4	4.0	4.0	3.3333333333333335	3.0	2	1	1	2	3	1	1	2	1	1	3.0	3.5	2.6666666666666665	3.0
59	2	2	3	1	1	2	5.0	5.0	5.0	5.0	3	3	3	2	2	2	2	2	2	3	3.0	4.0	3.3333333333333335	4.0
60	4	4	4	3	3	3	4.333333333333333	4.0	3.6666666666666665	5.0	3	4	4	4	4	1	2	1	2	2	3.3333333333333335	3.5	3.3333333333333335	3.5
60	2	3	4	3	3	4	3.3333333333333335	3.6666666666666665	3.3333333333333335	4.0	2	2	4	3	3	2	2	2	3	4	3.6666666666666665	3.5	3.3333333333333335	4.5
60	2	3	3	3	3	3	3.6666666666666665	4.333333333333333	4.333333333333333	4.333333333333333	3	2	3	4	3	4	4	3	4	3	3.3333333333333335	4.0	3.3333333333333335	3.5
60	2	2	2	2	1	2	3.0	3.3333333333333335	2.0	3.0	3	4	3	3	3	3	2	3	1	2	3.0	3.5	3.3333333333333335	3.0
60	2	4	4	3	3	5	3.3333333333333335	3.3333333333333335	3.3333333333333335	4.0	4	3	4	3	4	1	2	2	2	2	3.0	3.5	3.3333333333333335	3.5
61	4	4	4	4	4	4	5.0	4.666666666666667	5.0	5.0	4	3	5	4	4	2	2	2	2	1	3.3333333333333335	4.0	3.6666666666666665	4.0
61	4	4	4	5	3	5	4.666666666666667	5.0	5.0	5.0	1	1	2	1	2	3	2	2	2	3	3.0	4.0	3.3333333333333335	3.5
61	4	4	4	4	5	5	4.333333333333333	4.666666666666667	3.6666666666666665	3.6666666666666665	2	2	1	2	3	2	3	3	2	3	3.3333333333333335	4.0	3.3333333333333335	3.5
61	3	2	4	5	3	3	3.6666666666666665	3.3333333333333335	4.0	3.6666666666666665	2	3	3	3	3	2	3	2	2	3	3.6666666666666665	3.5	2.6666666666666665	3.5
61	4	3	3	3	4	4	4.0	3.6666666666666665	3.6666666666666665	3.6666666666666665	4	4	3	3	3	2	1	2	2	1	3.3333333333333335	4.0	4.0	4.5
62	4	3	3	3	4	3	3.6666666666666665	3.6666666666666665	3.0	3.0	3	2	1	2	2	3	2	2	3	2	4.0	4.5	4.0	4.5
62	4	3	3	4	3	4	3.6666666666666665	3.3333333333333335	4.0	3.3333333333333335	2	3	2	2	3	2	3	3	3	2	3.3333333333333335	3.0	3.0	3.0
62	5	4	4	4	4	4	3.3333333333333335	3.3333333333333335	4.0	3.6666666666666665	2	2	2	3	2	3	2	2	2	1	3.0	3.0	3.0	3.0
62	5	4	3	4	4	4	3.3333333333333335	3.3333333333333335	4.0	3.6666666666666665	4	3	4	3	4	2	3	3	3	2	3.0	3.0	3.3333333333333335	3.0
62	4	3	4	3	4	4	4.0	3.0	3.6666666666666665	3.0	2	2	3	3	2	2	1	1	1	1	2.3333333333333335	2.5	3.0	3.0
62	2	2	3	3	3	3	3.0	2.6666666666666665	3.0	2.6666666666666665	3	3	2	2	3	2	2	2	3	1	3.0	4.0	2.6666666666666665	4.0
63	4	3	4	4	3	4	3.3333333333333335	3.0	3.6666666666666665	3.6666666666666665	2	2	4	4	3	3	2	2	1	2	3.3333333333333335	3.5	3.0	4.0
63	3	4	3	3	4	3	3.6666666666666665	3.6666666666666665	3.6666666666666665	3.3333333333333335	2	1	1	2	2	3	4	3	4	4	3.3333333333333335	5.0	3.6666666666666665	5.0
63	3	4	3	4	3	3	3.0	2.6666666666666665	3.3333333333333335	3.0	2	2	3	2	3	2	2	2	2	1	3.3333333333333335	4.5	3.0	4.5
63	2	2	2	2	2	4	3.6666666666666665	3.3333333333333335	3.6666666666666665	3.6666666666666665	1	1	1	1	1	1	2	2	3	1	4.0	4.5	3.6666666666666665	3.5
63	3	3	4	4	4	5	4.333333333333333	4.0	4.666666666666667	4.0	2	2	1	2	3	2	1	1	1	1	3.3333333333333335	3.5	3.3333333333333335	2.5
64	3	2	3	2	2	2	4.0	4.333333333333333	4.333333333333333	4.666666666666667	3	2	2	3	3	4	4	4	4	4	3.3333333333333335	4.0	3.3333333333333335	4.5
64	2	3	2	3	3	3	3.3333333333333335	4.0	3.3333333333333335	4.0	4	3	3	3	2	2	2	2	3	2	3.6666666666666665	4.0	3.3333333333333335	3.0
64	3	3	3	3	3	2	4.333333333333333	4.666666666666667	4.333333333333333	4.666666666666667	5	3	3	5	4	2	3	4	2	2	3.0	4.0	2.6666666666666665	3.5
64	3	3	3	3	2	3	3.6666666666666665	4.0	4.0	4.333333333333333	2	2	3	1	3	1	1	1	3	2	3.3333333333333335	4.0	3.3333333333333335	4.0
64	2	2	1	2	3	2	3.6666666666666665	4.0	4.0	4.0	4	4	4	3	3	3	2	3	1	3	3.6666666666666665	4.0	3.6666666666666665	4.5
64	3	2	3	2	4	2	3.0	3.6666666666666665	3.0	3.6666666666666665	3	2	3	2	3	2	2	3	3	3	3.3333333333333335	3.5	3.0	3.5
65	3	4	4	4	3	3	4.666666666666667	4.666666666666667	4.333333333333333	4.333333333333333	2	2	3	3	2	1	1	1	1	1	3.0	3.5	3.0	4.0
65	1	2	2	1	1	1	4.0	3.6666666666666665	3.6666666666666665	3.6666666666666665	3	3	3	3	3	2	2	2	2	2	3.3333333333333335	3.5	3.0	4.0
65	3	3	3	4	3	2	3.6666666666666665	4.333333333333333	3.6666666666666665	3.6666666666666665	3	3	3	3	2	4	3	3	3	2	2.3333333333333335	3.0	2.6666666666666665	3.0
65	3	3	3	3	3	4	4.333333333333333	3.3333333333333335	4.0	3.3333333333333335	3	4	4	3	3	3	2	2	3	3	3.0	2.5	3.0	3.5
65	4	4	4	4	5	5	3.6666666666666665	3.6666666666666665	3.3333333333333335	3.0	2	2	2	2	3	2	2	3	3	2	3.3333333333333335	3.0	3.0	3.0
66	2	1	2	2	2	2	4.0	3.6666666666666665	4.0	3.6666666666666665	2	3	3	4	3	2	3	1	3	2	3.3333333333333335	4.5	3.6666666666666665	4.0
66	3	3	3	3	3	3	3.6666666666666665	3.0	2.6666666666666665	3.3333333333333335	2	2	2	3	2	1	1	1	2	1	3.3333333333333335	4.0	3.6666666666666665	3.0
66	3	3	3	3	3	3	2.6666666666666665	3.3333333333333335	3.3333333333333335	3.3333333333333335	2	3	3	4	1	3	2	2	3	2	3.3333333333333335	3.0	2.6666666666666665	2.5
66	3	3	3	3	4	3	4.333333333333333	4.333333333333333	3.6666666666666665	4.666666666666667	3	3	3	3	2	2	3	2	2	2	3.0	3.0	2.6666666666666665	3.0
66	3	5	4	4	4	5	3.3333333333333335	3.0	3.0	3.6666666666666665	3	3	2	2	3	1	2	1	1	1	3.3333333333333335	3.5	3.0	4.5
66	4	3	3	3	3	4	4.333333333333333	4.0	4.666666666666667	4.0	3	4	4	3	3	3	3	3	4	3	3.0	2.5	3.6666666666666665	3.5
67	3	3	4	3	2	3	4.0	4.0	3.6666666666666665	4.0	2	4	3	3	3	1	2	1	2	1	3.3333333333333335	4.0	3.3333333333333335	4.5
67	4	3	3	4	3	3	4.333333333333333	4.666666666666667	4.0	4.0	3	2	3	3	3	1	1	1	1	1	2.3333333333333335	4.0	3.0	3.5
67	3	4	3	4	3	3	3.6666666666666665	3.0	3.0	2.6666666666666665	4	5	4	5	4	3	2	2	3	2	3.3333333333333335	4.0	3.3333333333333335	4.0
67	3	3	3	3	3	4	2.6666666666666665	3.3333333333333335	3.0	3.0	3	2	2	3	3	2	3	3	3	3	3.3333333333333335	4.5	3.3333333333333335	4.0
67	4	4	3	4	4	4	4.0	3.6666666666666665	4.0	4.0	2	3	3	2	1	1	1	3	2	1	3.6666666666666665	3.0	3.3333333333333335	4.0
67	3	4	3	3	3	4	4.333333333333333	5.0	4.333333333333333	5.0	4	4	4	4	4	3	3	3	2	3	2.6666666666666665	2.0	2.6666666666666665	2.5
68	4	4	4	4	4	3	3.0	3.3333333333333335	3.0	3.3333333333333335	3	5	3	3	4	2	2	1	2	2	2.6666666666666665	2.5	3.0	2.5
68	3	3	2	2	2	2	3.6666666666666665	3.6666666666666665	3.3333333333333335	4.333333333333333	3	3	4	3	3	2	3	3	2	2	3.3333333333333335	3.0	3.0	3.5
68	3	3	3	3	3	2	2.6666666666666665	3.0	3.0	3.0	3	2	3	3	3	2	3	3	2	3	3.0	2.5	2.6666666666666665	2.5
68	3	4	3	3	3	3	3.6666666666666665	3.3333333333333335	4.0	4.0	2	2	2	3	3	1	1	2	1	2	3.3333333333333335	3.5	3.3333333333333335	3.5
68	4	4	2	4	4	3	4.0	4.333333333333333	4.0	4.0	4	4	4	2	3	2	2	2	2	2	3.0	4.0	3.3333333333333335	3.5
68	3	4	4	4	5	3	3.3333333333333335	3.3333333333333335	3.3333333333333335	2.6666666666666665	2	1	2	2	2	1	3	3	2	4	2.6666666666666665	3.5	3.0	3.0
69	3	2	3	3	2	3	4.333333333333333	4.666666666666667	4.333333333333333	4.333333333333333	3	2	2	3	3	3	3	4	2	2	3.0	4.5	3.3333333333333335	3.5
69	3	2	4	4	3	3	2.6666666666666665	2.6666666666666665	2.6666666666666665	3.0	3	3	3	5	4	2	3	3	2	2	2.6666666666666665	3.0	3.3333333333333335	3.0
69	2	3	2	2	3	2	4.666666666666667	4.0	4.333333333333333	4.666666666666667	3	4	2	3	4	2	2	3	2	2	3.3333333333333335	4.5	3.6666666666666665	4.0
69	3	3	3	4	3	4	3.3333333333333335	3.6666666666666665	3.3333333333333335	3.3333333333333335	2	2	3	1	2	1	2	2	2	2	2.6666666666666665	3.5	3.3333333333333335	3.5
69	3	3	2	3	4	1	4.0	3.6666666666666665	4.0	3.3333333333333335	4	4	4	4	3	2	3	3	3	2	3.6666666666666665	4.0	3.3333333333333335	4.0
70	3	5	4	4	4	4	3.6666666666666665	3.6666666666666665	3.6666666666666665	4.0	4	4	2	3	3	2	2	2	3	1	3.3333333333333335	3.5	3.6666666666666665	3.5
70	4	3	4	5	4	3	4.333333333333333	4.0	4.0	4.666666666666667	4	4	4	5	4	3	2	2	2	2	3.0	4.0	3.3333333333333335	4.0
70	3	2	2	3	2	3	4.333333333333333	4.333333333333333	4.0	4.333333333333333	4	5	3	5	4	1	1	1	1	1	2.3333333333333335	2.0	2.6666666666666665	3.0
70	5	5	4	4	5	4	3.6666666666666665	3.0	2.6666666666666665	3.3333333333333335	4	3	4	4	4	2	3	3	2	3	3.3333333333333335	3.5	3.0	4.0
70	4	3	4	4	5	4	3.3333333333333335	3.3333333333333335	3.6666666666666665	4.333333333333333	4	4	4	4	3	2	2	1	2	3	3.0	3.5	3.3333333333333335	3.0
70	2	2	3	3	3	3	4.333333333333333	3.6666666666666665	4.0	3.6666666666666665	3	3	4	3	3	2	2	2	3	3	3.0	4.0	2.6666666666666665	4.0
71	4	5	4	3	4	4	4.0	3.6666666666666665	4.0	4.0	3	2	3	3	2	3	3	3	3	2	3.3333333333333335	3.0	3.3333333333333335	3.5
71	3	3	1	2	1	2	3.6666666666666665	4.0	3.3333333333333335	3.6666666666666665	3	3	3	4	3	2	2	2	3	2	3.3333333333333335	3.5	3.3333333333333335	4.0
71	3	3	3	2	3	2	3.3333333333333335	4.333333333333333	3.6666666666666665	4.0	3	3	3	3	3	1	2	3	1	1	3.0	4.0	3.3333333333333335	3.0
71	3	2	3	3	3	4	2.0	2.6666666666666665	2.6666666666666665	2.3333333333333335	3	4	3	4	4	2	3	2	3	2	3.0	4.0	2.6666666666666665	4.5
71	3	3	3	3	3	2	2.3333333333333335	2.0	2.6666666666666665	2.0	3	3	2	3	3	1	2	2	2	2	3.3333333333333335	4.0	3.6666666666666665	4.0
71	3	3	3	4	2	3	4.0	4.333333333333333	4.333333333333333	3.6666666666666665	2	1	2	2	3	2	2	3	2	2	3.0	4.0	3.6666666666666665	4.0
72	4	4	4	3	4	4	3.3333333333333335	3.3333333333333335	3.3333333333333335	3.6666666666666665	2	3	4	3	3	3	3	2	2	2	3.6666666666666665	4.0	3.6666666666666665	4.5
72	4	2	3	3	3	3	3.3333333333333335	3.3333333333333335	3.6666666666666665	3.6666666666666665	2	2	3	3	2	2	2	2	2	1	4.0	5.0	3.6666666666666665	4.0
72	3	4	5	4	5	5	3.6666666666666665	3.3333333333333335	3.3333333333333335	3.0	2	2	2	2	1	4	4	3	3	3	3.3333333333333335	4.0	3.6666666666666665	5.0
72	4	3	4	3	4	3	4.0	4.333333333333333	4.0	4.333333333333333	4	3	3	3	4	2	3	1	1	1	3.3333333333333335	4.5	4.0	4.5
72	5	3	4	4	4	5	4.666666666666667	4.333333333333333	5.0	4.333333333333333	2	3	3	3	3	2	2	2	2	1	4.0	4.5	3.3333333333333335	4.0
72	4	3	4	3	4	3	2.6666666666666665	3.0	3.3333333333333335	2.0	4	2	3	3	2	3	2	1	2	2	3.6666666666666665	4.0	3.6666666666666665	4.5
73	5	4	4	5	4	4	3.0	3.0	3.0	3.3333333333333335	4	3	4	4	4	2	2	1	1	1	3.3333333333333335	3.5	3.3333333333333335	4.0
73	4	3	3	3	3	4	3.6666666666666665	3.0	3.6666666666666665	3.3333333333333335	1	1	2	2	3	3	3	3	2	3	3.6666666666666665	5.0	3.3333333333333335	4.0
73	4	4	5	4	3	4	3.0	3.0	3.0	3.0	4	3	3	3	3	3	3	2	2	2	3.3333333333333335	3.5	2.6666666666666665	3.0
73	5	4	5	4	4	4	4.0	4.333333333333333	4.0	4.0	4	3	3	4	4	1	1	1	2	1	2.6666666666666665	3.5	3.6666666666666665	2.0
73	3	4	3	4	4	3	3.0	3.0	3.0	3.6666666666666665	4	3	4	4	4	1	2	3	2	3	2.6666666666666665	2.5	2.6666666666666665	2.5
74	4	3	3	3	3	4	3.3333333333333335	3.3333333333333335	3.6666666666666665	3.3333333333333335	3	3	3	4	3	2	3	1	2	2	3.3333333333333335	3.0	3.3333333333333335	3.5
74	4	5	2	4	5	3	3.6666666666666665	3.3333333333333335	3.3333333333333335	2.6666666666666665	3	3	2	2	2	1	1	1	2	1	3.3333333333333335	3.5	3.6666666666666665	3.5
74	4	4	5	4	4	4	4.333333333333333	4.0	4.0	4.0	3	3	4	3	5	2	3	2	2	1	3.6666666666666665	3.5	3.0	3.5
74	4	3	3	4	2	4	4.333333333333333	5.0	4.333333333333333	3.6666666666666665	2	1	3	1	1	2	2	3	3	3	3.3333333333333335	3.5	3.0	3.0
74	4	3	3	4	4	4	2.6666666666666665	3.3333333333333335	3.6666666666666665	3.0	2	2	2	1	2	2	4	3	1	2	3.3333333333333335	4.5	3.6666666666666665	5.0
74	5	3	3	4	3	2	4.0	4.0	4.333333333333333	4.333333333333333	3	3	4	4	4	2	2	1	1	2	3.0	3.5	3.3333333333333335	3.5
75	2	3	2	2	2	2	3.6666666666666665	3.3333333333333335	3.0	4.0	3	3	2	3	3	2	2	2	2	2	3.6666666666666665	4.0	3.3333333333333335	3.5
75	3	2	3	2	3	3	4.333333333333333	4.0	3.6666666666666665	4.666666666666667	4	4	3	3	3	3	4	3	2	4	3.0	3.5	3.3333333333333335	3.5
75	4	4	4	3	4	4	2.6666666666666665	3.0	2.3333333333333335	2.3333333333333335	3	3	3	4	3	2	1	2	2	2	3.6666666666666665	5.0	3.3333333333333335	4.5
75	2	2	2	2	2	3	3.6666666666666665	3.0	3.6666666666666665	4.0	3	3	2	3	2	1	2	3	2	2	3.0	4.0	3.6666666666666665	4.0
75	3	3	3	2	3	5	4.666666666666667	4.333333333333333	4.333333333333333	4.666666666666667	3	2	4	3	3	2	1	2	2	3	3.3333333333333335	4.0	3.3333333333333335	4.0
76	4	5	4	4	5	4	3.3333333333333335	3.3333333333333335	3.3333333333333335	3.6666666666666665	3	2	2	4	3	2	2	3	3	3	3.0	4.5	3.0	5.0
76	4	4	5	3	3	4	2.6666666666666665	2.6666666666666665	2.6666666666666665	2.3333333333333335	3	3	2	2	3	2	2	2	3	3	3.0	3.5	3.0	4.5
76	3	2	2	3	2	3	4.333333333333333	4.0	4.0	4.333333333333333	3	3	4	4	4	4	4	3	3	4	3.3333333333333335	4.0	3.6666666666666665	3.0
76	2	3	3	3	3	4	2.6666666666666665	2.6666666666666665	2.3333333333333335	3.0	3	4	3	3	4	2	2	2	1	2	3.3333333333333335	4.0	3.6666666666666665	5.0
76	4	4	3	4	4	4	4.333333333333333	4.0	3.6666666666666665	4.0	4	4	4	4	4	2	2	1	1	1	3.0	4.0	3.3333333333333335	4.5
76	4	4	3	3	3	3	2.6666666666666665	2.3333333333333335	2.3333333333333335	2.6666666666666665	4	4	3	3	4	3	2	3	2	3	4.0	5.0	4.0	4.5
77	4	2	3	3	3	3	2.3333333333333335	3.3333333333333335	3.0	2.0	5	5	4	5	5	2	2	2	2	2	3.0	3.5	2.6666666666666665	3.5
77	5	3	4	4	3	4	4.0	3.6666666666666665	4.0	4.0	3	2	3	4	3	3	3	3	3	4	3.3333333333333335	3.0	3.0	4.0
77	3	3	3	2	4	2	3.0	3.6666666666666665	3.0	4.0	4	5	5	4	5	3	3	3	3	3	3.0	3.5	3.3333333333333335	2.5
77	3	5	4	5	5	3	3.3333333333333335	3.3333333333333335	3.3333333333333335	3.6666666666666665	4	4	4	5	5	3	3	3	4	3	3.3333333333333335	2.5	3.0	3.5
77	5	4	3	3	3	4	2.6666666666666665	2.6666666666666665	2.3333333333333335	2.6666666666666665	4	3	4	3	4	3	3	2	3	2	2.6666666666666665	3.5	3.3333333333333335	4.0
77	2	2	3	3	4	3	3.3333333333333335	4.0	3.6666666666666665	4.0	5	4	4	4	4	2	2	3	3	3	3.3333333333333335	2.0	3.0	2.5
78	3	2	2	2	2	2	3.0	3.0	2.6666666666666665	3.6666666666666665	5	4	5	4	5	3	2	2	2	2	3.3333333333333335	3.0	3.6666666666666665	2.0
78	3	3	3	3	3	3	2.3333333333333335	2.3333333333333335	2.6666666666666665	2.6666666666666665	5	4	4	4	5	1	1	1	1	1	3.3333333333333335	3.0	3.3333333333333335	3.5
78	4	5	4	4	4	3	3.0	2.6666666666666665	2.6666666666666665	3.0	3	4	3	5	4	3	3	2	3	3	3.0	3.5	3.6666666666666665	3.5
78	2	2	1	1	2	2	3.0	3.6666666666666665	2.6666666666666665	3.6666666666666665	4	5	4	4	5	2	3	2	3	3	3.3333333333333335	4.0	3.3333333333333335	2.5
78	2	3	3	3	3	2	3.6666666666666665	2.6666666666666665	3.0	3.0	3	3	2	3	3	3	3	3	3	3	3.0	4.0	3.6666666666666665	3.5
78	2	3	2	2	2	3	2.3333333333333335	3.0	2.6666666666666665	3.0	5	4	4	5	4	3	4	4	4	3	3.0	3.5	3.0	4.0
79	4	4	4	4	4	4	3.6666666666666665	3.6666666666666665	4.0	4.0	3	4	3	3	3	1	2	2	1	1	3.3333333333333335	4.0	3.0	4.0
79	2	3	2	3	3	3	3.6666666666666665	4.0	3.6666666666666665	4.666666666666667	3	2	2	2	2	3	3	3	2	2	3.3333333333333335	4.0	3.3333333333333335	4.0
79	3	2	4	2	3	3	2.6666666666666665	3.0	3.3333333333333335	2.6666666666666665	3	4	3	3	3	3	3	2	3	3	3.3333333333333335	3.5	4.0	3.5
79	1	1	3	3	2	2	3.6666666666666665	2.6666666666666665	3.0	3.0	3	4	3	3	3	3	3	1	2	3	3.6666666666666665	3.5	3.6666666666666665	3.0
79	3	3	2	2	3	4	5.0	4.333333333333333	5.0	4.666666666666667	3	2	3	2	3	3	2	3	2	2	3.0	3.5	3.3333333333333335	3.5
79	3	3	4	3	2	3	5.0	4.0	4.0	3.6666666666666665	5	4	4	4	4	2	2	3	3	3	2.6666666666666665	3.5	3.6666666666666665	3.5
